01000011
01000011
01000011
01000011
01000011
01000011
01000010
01000111
01000111
01000111
01000111
01000111
01000111
01000111
01000111
01000111
01000111
01000110
00111100
00110000
10111010
01011001
01101011
11010000
11101100
00100111
11101101
00100101
01011001
01111001
10111101
10100101
11101100
00100111
00110000
10111011
01011000
00110100
00000101
11101101
11101100
00100111
00100101
11000001
11101101
00100111
11010101
11011010
11101100
00100111
01000101
10000100
11101101
00100011
10001000
11010101
11011010
01000101
11101100
00100011
10001000
11010101
00000000